1 8712 0 0
1 8712 0 0
2 8712 8595 0
2 8712 8595 0
1 8712 0 0
1 8712 0 0
2 8712 8595 0
2 8712 8595 0
1 8712 0 0
1 8712 0 0
2 8712 8595 0
2 8712 8595 0
1 8712 0 0
1 8712 0 0
2 8712 8595 0
2 8712 8595 0
1 8712 0 0
1 8712 0 0
2 8712 8595 0
2 8712 8595 0
1 8712 0 0
1 8712 0 0
2 8712 8595 0
2 8712 8595 0
1 8712 0 0
1 8712 0 0
2 8712 8595 0
2 8712 8595 0
1 8712 0 0
1 8712 0 0
2 8712 8595 0
2 8712 8595 0
1 8712 0 0
1 8712 0 0
2 8712 8595 0
2 8712 8595 0
1 8712 0 0
1 8712 0 0
2 8712 8595 0
2 8712 8595 0
